time;vh_1;vd_1;vd_0;rdd;pdh;rhd;rhh;f_1;f_0;phh;vh_2;
-1;1;1;1;0.1;0.5;0.1;0.1;0.33;0.33;0.5;1;
0;1.09458;0.912203;1.00727;0.509429;0.500077;0.509433;0.509436;0.549227;0.235394;0.499993;0.983394;
1000;1.09197;0.914489;1.0075;0.524159;0.569934;0.520342;0.503787;0.565601;0.201624;0.490394;0.983411;
2000;1.08982;0.916367;1.00757;0.532745;0.629149;0.529815;0.501435;0.577757;0.178752;0.477234;0.983553;
3000;1.08797;0.917975;1.00755;0.537257;0.681357;0.53831;0.50093;0.587865;0.162081;0.46188;0.983754;
4000;1.08633;0.919393;1.00749;0.538865;0.728606;0.546061;0.50153;0.596793;0.149272;0.445175;0.983981;
5000;1.08485;0.920672;1.00739;0.53829;0.77215;0.553211;0.502818;0.604931;0.139035;0.427646;0.984219;
6000;1.08348;0.921842;1.00728;0.536002;0.81281;0.559854;0.504547;0.612479;0.130598;0.409631;0.984458;
7000;1.08222;0.922926;1.00717;0.532326;0.851152;0.566062;0.50656;0.619548;0.123477;0.391349;0.984695;
8000;1.08105;0.923939;1.00705;0.527492;0.88758;0.57189;0.508756;0.626211;0.117349;0.372944;0.984927;
9000;1.07994;0.92489;1.00693;0.521673;0.922393;0.577381;0.511069;0.632516;0.111992;0.354512;0.985151;
10000;1.0789;0.925789;1.00682;0.514998;0.95582;0.582573;0.513453;0.638503;0.107248;0.336116;0.985369;
11000;1.07792;0.926643;1.0067;0.507568;0.988039;0.587496;0.515878;0.6442;0.103004;0.317797;0.985578;
12000;1.07741;0.927055;1.00657;0.506081;0.999995;0.590975;0.518728;0.649102;0.103559;0.299824;0.985761;
13000;1.07719;0.927205;1.00642;0.508344;0.999998;0.593475;0.521506;0.653167;0.106669;0.283131;0.985923;
14000;1.07698;0.927346;1.00629;0.510408;0.9999;0.595756;0.523933;0.656742;0.109544;0.267678;0.986069;
15000;1.0768;0.92748;1.00617;0.512319;0.999934;0.597845;0.526061;0.659907;0.112217;0.253333;0.986204;
16000;1.07662;0.927606;1.00607;0.514043;0.999969;0.599767;0.527927;0.662721;0.114691;0.239983;0.986327;
17000;1.07646;0.927725;1.00598;0.515633;0.9999;0.601542;0.529569;0.665241;0.116993;0.22753;0.986441;
18000;1.07631;0.927838;1.00589;0.517132;0.999936;0.603179;0.531016;0.667504;0.119153;0.215891;0.986546;
19000;1.07617;0.927944;1.00581;0.51849;0.999972;0.604699;0.532289;0.669544;0.121164;0.204993;0.986642;
20000;1.07604;0.928044;1.00574;0.519753;0.9999;0.606114;0.533414;0.671394;0.123042;0.194774;0.986732;
21000;1.07592;0.928139;1.00567;0.520956;0.999937;0.607426;0.534407;0.673073;0.124817;0.185177;0.986815;
22000;1.0758;0.928229;1.00561;0.522048;0.999975;0.608652;0.535282;0.674601;0.126474;0.176152;0.986893;
23000;1.07569;0.928314;1.00556;0.523071;0.9999;0.6098;0.536056;0.676002;0.128027;0.167656;0.986965;
24000;1.07559;0.928394;1.0055;0.524051;0.999938;0.610869;0.536738;0.677281;0.129504;0.159648;0.987032;
25000;1.07549;0.92847;1.00546;0.524944;0.999977;0.611874;0.537339;0.678456;0.130886;0.152092;0.987096;
26000;1.0754;0.928543;1.00541;0.525783;0.9999;0.612819;0.537869;0.679542;0.132182;0.144957;0.987155;
27000;1.07532;0.928611;1.00537;0.526594;0.999939;0.613701;0.538336;0.680538;0.133423;0.138214;0.98721;
28000;1.07524;0.928676;1.00533;0.527332;0.999978;0.614534;0.538745;0.68146;0.134585;0.131836;0.987263;
29000;1.07516;0.928738;1.00529;0.528028;0.9999;0.61532;0.539106;0.682318;0.135676;0.125798;0.987312;
30000;1.07509;0.928797;1.00526;0.528706;0.99994;0.616056;0.539421;0.683108;0.136727;0.12008;0.987358;
31000;1.07502;0.928853;1.00523;0.529321;0.99998;0.616753;0.539696;0.683844;0.137711;0.11466;0.987402;
32000;1.07496;0.928906;1.0052;0.529904;0.9999;0.617413;0.539937;0.684532;0.138634;0.109519;0.987443;
33000;1.07489;0.928956;1.00517;0.530475;0.99994;0.618031;0.540145;0.685168;0.13953;0.104642;0.987482;
34000;1.07484;0.929004;1.00514;0.530992;0.999981;0.618618;0.540325;0.685762;0.140368;0.100012;0.987518;
35000;1.07478;0.92905;1.00512;0.531483;0.9999;0.619176;0.540482;0.686322;0.141154;0.0956136;0.987553;
36000;1.07473;0.929094;1.00509;0.531969;0.999941;0.619699;0.540614;0.686839;0.141922;0.0914345;0.987586;
37000;1.07468;0.929135;1.00507;0.532406;0.999982;0.620198;0.540728;0.687326;0.142639;0.0874618;0.987617;
38000;1.07463;0.929175;1.00505;0.532822;0.9999;0.620672;0.540824;0.687786;0.14331;0.0836837;0.987647;
39000;1.07459;0.929212;1.00503;0.533237;0.999941;0.621117;0.540904;0.688211;0.143971;0.0800894;0.987675;
40000;1.07455;0.929248;1.00501;0.533609;0.999982;0.621542;0.54097;0.688613;0.144587;0.0766688;0.987701;
41000;1.07451;0.929282;1.005;0.533963;0.9999;0.621947;0.541025;0.688995;0.145162;0.0734123;0.987726;
42000;1.07447;0.929315;1.00498;0.53432;0.999941;0.622327;0.541066;0.689347;0.145733;0.0703112;0.98775;
43000;1.07443;0.929346;1.00496;0.534637;0.999983;0.622691;0.5411;0.689682;0.146264;0.0673573;0.987773;
44000;1.0744;0.929376;1.00495;0.53494;0.9999;0.623039;0.541125;0.690001;0.146758;0.0645426;0.987795;
45000;1.07436;0.929404;1.00494;0.535247;0.999942;0.623365;0.541141;0.690295;0.147253;0.0618601;0.987815;
46000;1.07433;0.929431;1.00492;0.535519;0.999984;0.623678;0.541152;0.690576;0.147711;0.0593028;0.987835;
47000;1.0743;0.929457;1.00491;0.535778;0.9999;0.623978;0.541158;0.690845;0.148137;0.0568643;0.987853;
48000;1.07427;0.929481;1.0049;0.536045;0.999942;0.624257;0.541156;0.691092;0.148567;0.0545386;0.987871;
49000;1.07425;0.929505;1.00489;0.536278;0.999984;0.624528;0.541152;0.691329;0.148964;0.0523201;0.987888;
50000;1.07422;0.929527;1.00488;0.536501;0.9999;0.624786;0.541144;0.691557;0.149332;0.0502033;0.987904;
51000;1.07419;0.929549;1.00487;0.536732;0.999942;0.625028;0.54113;0.691765;0.149707;0.0481833;0.987919;
52000;1.07417;0.929569;1.00486;0.536933;0.999985;0.625261;0.541116;0.691966;0.150051;0.0462552;0.987934;
53000;1.07415;0.929589;1.00485;0.537126;0.9999;0.625485;0.5411;0.69216;0.150369;0.0444146;0.987948;
54000;1.07413;0.929607;1.00484;0.537327;0.999942;0.625694;0.541079;0.692337;0.150696;0.0426572;0.987961;
55000;1.07411;0.929625;1.00483;0.5375;0.999985;0.625897;0.541058;0.692508;0.150995;0.040979;0.987973;
56000;1.07409;0.929642;1.00482;0.537666;0.9999;0.626091;0.541036;0.692674;0.15127;0.0393762;0.987985;
57000;1.07407;0.929659;1.00481;0.537843;0.999943;0.626271;0.541011;0.692825;0.151556;0.0378452;0.987997;
58000;1.07405;0.929674;1.00481;0.537992;0.999985;0.626447;0.540986;0.692971;0.151816;0.0363826;0.988008;
59000;1.07403;0.929689;1.0048;0.538135;0.9999;0.626617;0.540962;0.693114;0.152054;0.0349852;0.988018;
60000;1.07402;0.929703;1.00479;0.53829;0.999943;0.626773;0.540934;0.693242;0.152306;0.0336499;0.988028;
61000;1.074;0.929717;1.00479;0.538419;0.999986;0.626926;0.540908;0.693368;0.152532;0.0323738;0.988038;
62000;1.07399;0.92973;1.00478;0.538543;0.9999;0.627073;0.540883;0.693491;0.152738;0.0311542;0.988047;
63000;1.07397;0.929742;1.00478;0.538679;0.999943;0.627209;0.540854;0.693601;0.152959;0.0299883;0.988055;
64000;1.07396;0.929754;1.00477;0.53879;0.999986;0.627342;0.540828;0.693709;0.153157;0.0288739;0.988064;
65000;1.07395;0.929766;1.00477;0.538898;0.9999;0.627471;0.540803;0.693816;0.153335;0.0278084;0.988071;
66000;1.07393;0.929777;1.00476;0.539018;0.999943;0.627589;0.540774;0.69391;0.15353;0.0267896;0.988079;
67000;1.07392;0.929787;1.00476;0.539114;0.999986;0.627705;0.540748;0.694003;0.153702;0.0258155;0.988086;
68000;1.07391;0.929797;1.00475;0.539207;0.9999;0.627818;0.540724;0.694096;0.153856;0.024884;0.988093;
69000;1.0739;0.929807;1.00475;0.539313;0.999943;0.62792;0.540696;0.694177;0.154028;0.0239931;0.9881;
70000;1.07389;0.929816;1.00474;0.539396;0.999986;0.628022;0.540672;0.694258;0.154178;0.023141;0.988106;
71000;1.07388;0.929824;1.00474;0.539477;0.9999;0.62812;0.540648;0.694339;0.154312;0.022326;0.988112;
72000;1.07387;0.929833;1.00474;0.539571;0.999943;0.628209;0.540622;0.694408;0.154464;0.0215464;0.988118;
73000;1.07386;0.929841;1.00473;0.539643;0.999986;0.628298;0.540599;0.694478;0.154595;0.0208007;0.988123;
74000;1.07385;0.929848;1.00473;0.539713;0.9999;0.628384;0.540577;0.694549;0.15471;0.0200872;0.988128;
75000;1.07384;0.929856;1.00473;0.539796;0.999943;0.628462;0.540552;0.694608;0.154845;0.0194046;0.988133;
76000;1.07384;0.929863;1.00472;0.539858;0.999986;0.62854;0.540531;0.694669;0.15496;0.0187516;0.988138;
77000;1.07383;0.929869;1.00472;0.539918;0.9999;0.628615;0.540511;0.694731;0.155059;0.0181267;0.988143;
78000;1.07382;0.929876;1.00472;0.539993;0.999943;0.628683;0.540487;0.694782;0.155179;0.0175287;0.988147;
79000;1.07381;0.929882;1.00471;0.540046;0.999987;0.628751;0.540468;0.694835;0.155279;0.0169565;0.988151;
80000;1.07381;0.929888;1.00471;0.540099;0.9999;0.628817;0.540449;0.694889;0.155364;0.016409;0.988155;
81000;1.0738;0.929893;1.00471;0.540165;0.999943;0.628876;0.540428;0.694933;0.155471;0.0158849;0.988159;
82000;1.07379;0.929899;1.00471;0.540211;0.999987;0.628936;0.54041;0.694979;0.155559;0.0153834;0.988163;
83000;1.07379;0.929904;1.00471;0.540256;0.9999;0.628994;0.540394;0.695027;0.155632;0.0149034;0.988166;
84000;1.07378;0.929909;1.0047;0.540316;0.999943;0.629045;0.540374;0.695065;0.155727;0.014444;0.98817;
85000;1.07378;0.929914;1.0047;0.540355;0.999987;0.629097;0.540357;0.695105;0.155804;0.0140043;0.988173;
86000;1.07377;0.929918;1.0047;0.540394;0.9999;0.629149;0.540343;0.695148;0.155867;0.0135833;0.988176;
87000;1.07377;0.929922;1.0047;0.540448;0.999943;0.629193;0.540324;0.69518;0.155952;0.0131804;0.988179;
88000;1.07376;0.929927;1.0047;0.540481;0.999987;0.629239;0.54031;0.695215;0.156019;0.0127947;0.988182;
89000;1.07376;0.929931;1.00469;0.540515;0.9999;0.629284;0.540297;0.695253;0.156072;0.0124255;0.988185;
90000;1.07375;0.929934;1.00469;0.540564;0.999943;0.629323;0.54028;0.69528;0.156149;0.0120721;0.988187;
91000;1.07375;0.929938;1.00469;0.540592;0.999987;0.629363;0.540267;0.695311;0.156207;0.0117337;0.98819;
92000;1.07375;0.929941;1.00469;0.540621;0.9999;0.629403;0.540255;0.695344;0.156253;0.0114097;0.988192;
93000;1.07374;0.929945;1.00469;0.540665;0.999943;0.629437;0.54024;0.695368;0.156322;0.0110996;0.988194;
94000;1.07374;0.929948;1.00469;0.540689;0.999987;0.629472;0.540228;0.695395;0.156373;0.0108027;0.988196;
95000;1.07374;0.929951;1.00468;0.540714;0.9999;0.629508;0.540218;0.695425;0.156411;0.0105184;0.988198;
96000;1.07373;0.929954;1.00468;0.540754;0.999944;0.629536;0.540204;0.695444;0.156473;0.0102462;0.9882;
97000;1.07373;0.929957;1.00468;0.540774;0.999987;0.629568;0.540194;0.695468;0.156518;0.00998553;0.988202;
98000;1.07373;0.929959;1.00468;0.540795;0.9999;0.629599;0.540185;0.695495;0.15655;0.00973598;0.988204;
99000;1.07372;0.929962;1.00468;0.540832;0.999944;0.629624;0.540172;0.695511;0.156606;0.00949703;0.988206;
100000;1.07372;0.929964;1.00468;0.540849;0.999987;0.629652;0.540163;0.695532;0.156645;0.00926822;0.988208;
101000;1.07372;0.929967;1.00468;0.540867;0.9999;0.629679;0.540155;0.695556;0.156672;0.00904913;0.988209;
102000;1.07371;0.929969;1.00468;0.5409;0.999944;0.629701;0.540143;0.69557;0.156723;0.00883934;0.988211;
103000;1.07371;0.929971;1.00468;0.540915;0.999987;0.629725;0.540135;0.695588;0.156757;0.00863844;0.988212;
104000;1.07371;0.929973;1.00468;0.54093;0.9999;0.629749;0.540129;0.69561;0.156779;0.00844606;0.988214;
105000;1.07371;0.929975;1.00467;0.54096;0.999944;0.629768;0.540118;0.695621;0.156826;0.00826184;0.988215;
106000;1.07371;0.929977;1.00467;0.540972;0.999987;0.62979;0.540111;0.695637;0.156855;0.00808542;0.988216;
107000;1.0737;0.929979;1.00467;0.540985;0.9999;0.629811;0.540105;0.695657;0.156873;0.00791648;0.988217;
108000;1.0737;0.929981;1.00467;0.541013;0.999944;0.629827;0.540095;0.695666;0.156916;0.00775469;0.988219;
109000;1.0737;0.929982;1.00467;0.541022;0.999987;0.629846;0.540089;0.69568;0.156941;0.00759975;0.98822;
110000;1.0737;0.929984;1.00467;0.541033;0.9999;0.629865;0.540084;0.695698;0.156955;0.00745136;0.988221;
111000;1.0737;0.929986;1.00467;0.541059;0.999944;0.629879;0.540075;0.695706;0.156995;0.00730926;0.988222;
112000;1.07369;0.929987;1.00467;0.541067;0.999987;0.629896;0.54007;0.695718;0.157017;0.00717316;0.988223;
113000;1.07369;0.929988;1.00467;0.541075;0.9999;0.629913;0.540066;0.695734;0.157028;0.00704283;0.988224;
114000;1.07369;0.92999;1.00467;0.5411;0.999944;0.629925;0.540057;0.69574;0.157064;0.006918;0.988225;
115000;1.07369;0.929991;1.00467;0.541106;0.999987;0.62994;0.540053;0.695751;0.157083;0.00679846;0.988226;
116000;1.07369;0.929992;1.00467;0.541113;0.9999;0.629955;0.540049;0.695766;0.157091;0.00668396;0.988226;
117000;1.07369;0.929993;1.00467;0.541136;0.999944;0.629965;0.540042;0.695771;0.157125;0.0065743;0.988227;
118000;1.07369;0.929995;1.00467;0.54114;0.999987;0.629978;0.540037;0.69578;0.157142;0.00646928;0.988228;
118551;1.07369;0.929995;1.00467;0.541152;0.999944;0.629983;0.540034;0.695785;0.157154;0.00641331;0.988228;


d;0.1
md_0;0.875
mh_1;0.75
md_1;1
mh_2;1.275
pdhinit;0.5
phhinit;0.5
err;0.02

